ID	103post	103pre	104post	104pre	107post	107pre	109post	109pre	111post	111pre	116post	116pre	118post	118pre	119post	119pre	123post	123pre	124post	124pre	127post	127pre	130post	130pre	133post	133pre	138post	138pre	139post	139pre	140post	140pre
f01167cfcdeab9665a07bcb664e714e9	0	0	0	0	83	134	0	0	0	20	0	21	23	158	0	0	30	0	0	0	0	0	0	0	0	0	12	14	140	47	34	6
eae0738ba858df2d22433de0913bc58c	32	15	506	409	372	241	0	0	55	0	0	107	74	135	89	39	68	0	0	0	567	453	196	175	0	0	100	37	106	119	234	264
b167ad9fdf6c2158e6e90d7756049242	189	30	200	78	41	103	164	74	123	109	0	25	16	0	0	0	83	0	57	0	97	193	61	48	0	0	149	61	66	84	168	234
29a9aad667398c46822290d2f9a4bed6	8	9	0	0	97	58	0	0	10	7	0	0	0	0	80	67	0	0	0	0	0	0	50	24	0	0	73	40	52	45	25	82
c5c368fa5d36912d8a01dbdf80cf9aea	15	0	53	12	60	16	31	10	0	50	18	18	0	42	156	12	14	27	0	0	0	0	23	0	0	105	0	0	0	0	32	11
11b6e085e506436abb45e998147d138a	251	0	188	128	0	80	19	0	38	0	0	0	341	91	0	72	64	0	97	21	0	0	85	43	12	0	26	0	26	0	46	98
6c91b03edc155703d03eca97c5a2597b	271	115	0	0	0	0	0	0	455	232	0	0	0	0	0	38	0	0	151	355	0	0	0	0	0	0	344	48	0	0	411	812
673cdcc11571eff632f9639adc4aa4b2	0	0	0	0	0	0	0	0	20	9	0	0	0	0	0	0	0	0	0	0	0	0	0	0	0	0	0	0	7	0	0	0
499c26dbde4691c9dd12aa4400bce7be	0	0	153	0	0	0	0	0	59	41	0	82	57	0	110	45	0	0	0	0	0	0	0	0	0	0	53	31	0	0	61	0
7a788fd4ad85a44927663c33ca823af9	0	0	146	63	0	15	0	0	102	65	0	51	18	0	16	0	0	0	18	6	0	0	18	57	0	0	0	0	0	0	0	0
8622987ddfa6f1a7d9909f49018cb1f1	51	8	76	17	156	28	17	0	0	7	81	9	16	0	20	10	17	34	19	0	71	27	35	20	15	0	73	0	71	8	129	65
5c4c361695cb59f119cdf583d315aee9	0	0	59	24	0	0	70	87	24	52	0	51	0	0	35	44	0	0	0	0	141	108	0	0	0	0	112	57	16	0	13	20
5743f98d73beef7333f75b4a06355a05	0	0	0	0	0	0	0	0	0	0	0	0	0	0	0	0	0	0	0	0	0	0	0	0	0	0	0	0	0	0	39	6
bad5797a61879ba862a8f626a87d1b17	0	0	49	57	12	441	0	0	192	90	0	0	0	0	0	31	0	0	0	0	38	48	0	17	0	0	73	0	0	0	74	69
4d1dd1ab6d69c263ce76517dcdfaf4a9	0	0	60	88	0	38	48	69	0	0	0	0	89	36	98	106	24	0	0	0	41	43	0	0	0	0	40	0	0	0	0	0
9b119c3c0fa910deca32fd7571866de7	37	5	0	0	0	0	0	0	0	0	0	0	0	0	0	0	0	0	8	16	0	0	0	0	0	0	0	0	0	0	0	0
a8950ea716619e3682e2a34473e5adc7	86	0	116	42	0	0	0	0	68	0	0	0	28	0	0	0	0	0	0	0	31	21	38	0	0	0	0	0	126	32	48	27
98be5346ef1749fd281504e99abf8548	0	0	0	0	17	15	0	0	15	30	0	34	0	0	21	17	16	0	0	0	0	0	18	23	0	0	21	29	11	0	47	42
46e8089f9df0f7a608bcbf5fc3084648	34	0	0	0	0	0	0	0	0	0	0	0	0	0	25	0	0	0	28	0	0	0	0	0	0	0	56	13	82	0	0	0
d963b59f19db6517a9f26908f684545d	0	0	0	57	0	7	0	8	0	0	0	0	0	0	0	0	0	0	0	0	0	0	0	0	0	0	0	0	0	0	0	0
17f016e3298748a0eb03b67eb9267a19	0	0	0	0	0	0	5	0	0	7	0	0	0	8	8	0	0	0	0	0	22	79	0	0	0	155	0	0	7	6	0	0
fbd24a58a73dc247aa8bd2e8ab4f1bb2	310	113	0	0	0	0	0	0	0	0	0	0	0	0	0	0	0	0	270	331	0	0	0	0	0	0	0	0	0	0	0	0
4d4e84214dfdd2547dd11b167fb4f1dd	0	0	0	0	0	9	0	0	0	0	0	0	0	0	0	0	0	0	0	0	0	0	0	0	0	0	0	0	0	0	0	0
836b74915e12f96682e46e9e8eb909b5	0	0	0	0	0	0	0	0	101	42	0	0	0	0	0	0	0	0	0	38	0	0	0	0	0	0	662	87	0	0	0	0
e3fa90c670b3e7c3588c760c08c991b7	30	5	33	19	26	0	0	0	22	0	0	0	0	0	13	6	0	51	11	7	0	0	0	0	80	72	9	0	46	8	57	34
e6e736770ba0182e08607e5032536759	0	0	16	14	67	0	52	8	19	0	164	10	0	0	0	0	0	0	21	15	11	0	17	18	26	25	0	0	58	0	0	0
bc1326214ab2638d0f63fc58ff411b33	0	0	0	0	0	0	0	0	0	0	0	0	0	0	0	6	37	0	19	17	0	0	0	0	0	0	0	0	0	0	0	0
6eb3f747505b027607654373c88891d2	12	0	0	0	82	0	0	0	0	0	12	0	0	0	0	0	0	0	0	0	0	0	27	0	0	13	0	0	0	0	0	0
5a6289b8068d8b7722dafb10cc3d0b76	0	0	39	12	0	0	55	10	51	8	0	0	13	29	0	0	30	32	0	16	0	0	20	42	93	166	0	10	13	18	35	21
004ca9d14962355f711fea88ca840425	68	0	0	0	31	14	35	0	0	0	0	0	0	0	0	0	0	0	24	0	0	0	0	96	0	0	0	0	75	0	0	0
1d3c676d5555d4b2aa01154ec1d44206	109	0	0	0	0	0	15	14	0	6	0	0	33	14	0	0	0	0	0	25	0	0	20	26	174	104	0	0	213	6	0	0
1de8a8bc685293bc92fccfd080dd1a64	0	0	84	14	56	13	0	0	42	0	56	0	23	0	0	0	0	0	0	0	0	0	13	17	162	85	12	0	32	0	0	0
bc71b2ce4d24111d6991b7a90e629418	0	0	35	46	202	0	75	17	29	0	0	0	0	0	0	0	0	0	0	0	50	74	24	60	0	0	0	0	0	0	32	22
a4546f79ebf09835b8d436dbcee45a5d	32	0	19	0	60	15	76	20	0	0	160	0	10	0	20	0	20	47	0	9	19	0	14	0	0	18	27	0	29	0	26	0
d3ad1d89be0ec080dee21dc5283fcbe9	0	0	0	0	0	0	0	0	0	28	0	0	86	14	0	0	0	0	0	0	0	0	53	113	0	0	0	0	12	19	0	0
8b7cd55d5449f3c0aa282f514ca5995b	12	0	44	5	74	0	56	6	0	0	0	0	0	9	0	0	9	0	0	0	11	21	23	19	0	0	19	0	34	0	20	42
ed8e1240eb554ecf417abfbb4dd0b542	11	0	26	0	22	0	13	0	14	5	68	0	0	0	10	0	0	40	0	0	0	5	0	0	133	76	0	0	26	0	0	0
c0ded757054b102cc0c618885868378f	0	0	49	44	0	13	0	0	0	10	0	0	0	0	0	0	0	0	0	0	0	0	0	0	0	0	0	0	13	0	0	0
df1ce85ab323b711ebe3aaee27b258ae	0	0	0	0	44	24	0	0	0	0	38	0	30	0	0	0	0	35	0	0	8	0	0	0	0	0	0	0	0	0	30	19
ce9971dffb3ebc93e8d44e62e3c50e14	101	58	0	0	0	0	0	0	0	0	0	0	0	0	0	0	0	0	135	124	0	0	0	0	0	0	0	0	0	0	74	105
368a4fb93cc88e2ed88623deaa5b46b8	0	0	0	0	0	0	0	0	0	0	0	19	0	0	0	0	0	0	24	0	0	0	0	0	0	0	0	0	0	27	0	0
c15fa5c264d2420ced7f417314f350ab	0	0	0	0	0	0	0	0	0	0	0	12	0	0	0	0	0	0	0	0	0	0	0	0	0	0	0	20	0	0	0	0
d01e3f750fadfac2642cfc6c9233d021	0	0	20	0	0	0	0	0	11	0	0	0	0	0	0	0	0	0	0	0	0	0	11	0	0	0	0	0	0	0	0	0
a04a11b72b931e796ed97a673ee3b8f7	0	0	0	0	0	0	8	3	0	0	0	0	0	0	0	0	0	0	0	0	7	487	17	0	0	0	0	0	0	0	0	0
fe4c45af45a1ced6777398479ca5025b	0	0	0	43	0	0	83	67	15	0	0	22	48	9	30	14	0	0	0	0	22	0	0	0	0	0	22	8	0	0	0	26
0d4308a6c5651f024209d99da9d092f5	0	0	0	0	0	0	0	0	0	26	0	0	0	288	0	143	72	6	0	0	0	0	0	0	0	0	0	0	0	0	0	0
068882782bc1bcc841a6058533ef2040	0	0	0	0	69	122	0	0	0	0	0	78	0	0	0	0	0	0	0	0	0	0	0	0	0	0	0	0	0	0	51	77
d173e3eb5ae43069f02e699f35d72238	0	3	39	34	10	9	0	0	4	4	0	4	58	31	0	0	25	0	0	0	0	0	32	32	0	0	16	14	36	14	10	25
d779a3b2fa3b175317dfe3591225354a	23	0	0	0	40	32	22	0	76	9	0	9	7	16	0	19	0	0	26	10	0	0	64	19	0	0	18	22	46	7	0	0
e9c1d1a4a254dbd823b736a6d7f5079a	0	0	0	0	0	0	0	0	0	0	0	0	0	0	0	0	0	0	0	0	0	0	0	0	0	0	0	0	358	127	0	0
08be7ee7e2c933c064e9d7586f7c00aa	0	0	0	0	0	0	0	0	17	0	0	0	0	0	0	0	0	48	0	0	6	0	0	4	0	10	13	0	30	5	15	10
32ad00db5700d0a04654a84eed1b4c76	14	0	11	0	0	0	0	0	14	16	0	11	0	0	21	13	0	0	24	37	0	0	3	9	0	0	16	11	11	0	0	0
ed93c7b4d801fcb9f9f0c4c32624fa8f	0	0	0	0	0	0	0	0	0	9	0	0	0	0	0	0	0	0	0	0	0	0	0	0	0	0	0	0	0	0	0	0
1c7f6704d2656cd97c59fe332c421d36	0	0	0	0	69	0	24	0	49	0	0	0	0	0	0	5	0	0	9	6	14	18	0	0	0	0	0	0	54	0	19	33
0c443b081fb69d6f88d60364eac4d5d3	0	0	140	0	0	0	0	0	0	0	0	0	0	0	0	0	0	0	5	0	0	0	0	0	43	241	0	0	0	0	0	0
433a0d1e9a59e345f87b857efbd6c62f	0	0	0	0	0	0	0	0	0	0	0	0	0	0	0	0	0	0	0	0	0	0	0	0	0	0	0	0	0	0	0	0
fc9eb1f00856480534aa837ca362656e	0	0	30	0	0	13	0	0	0	0	77	0	0	0	0	0	0	0	0	0	0	0	14	0	0	23	12	0	0	0	19	16
a046007bb4a0ce2b32bb1c4dd6ee867b	8	0	0	0	0	46	0	0	0	11	0	24	0	0	34	0	0	0	0	0	0	0	64	78	0	0	0	26	42	22	0	13
35d6e8016653cf59aefb5ab6ad2d2cf8	12	6	0	0	0	0	0	0	0	14	0	0	15	18	0	50	0	0	0	0	0	0	0	0	0	0	0	23	0	0	0	0
ba4ef1fb0ba117b6a045541fc553be6f	0	0	68	0	0	0	0	0	0	0	0	0	0	0	0	0	0	0	0	0	29	28	0	0	0	0	0	0	18	0	0	0
f0d3ad42c3754a9af2c18ab6f102bb28	0	0	44	31	0	0	0	0	34	5	0	0	42	5	0	23	10	0	0	0	0	0	9	17	0	0	25	19	49	37	0	0
226097bd7a1661a286a3b62d1c1f0e3a	162	11	0	0	0	0	0	0	0	0	86	5	0	0	0	0	0	0	0	0	0	0	0	0	35	40	0	0	0	0	0	8
44032c281fd07bb43e90cb6ca1cfad2e	0	0	0	0	0	0	0	0	0	0	0	0	0	0	0	0	0	0	23	30	0	0	0	0	0	0	0	0	0	0	0	49
df5f8e6f57731f52381392871de418d1	0	0	29	23	0	0	204	49	0	0	0	29	0	0	0	0	0	0	0	0	0	0	0	0	0	0	0	0	0	0	0	0
e0b12a002f66a631d7db3322d42f4d6a	0	0	11	0	64	13	3	4	10	0	10	0	14	0	2	10	0	13	0	0	0	0	0	0	5	38	5	4	63	20	5	0
0db5d53458bf68ab4f3ca669bff9b5f3	139	0	0	0	0	0	0	0	0	0	0	0	4	80	0	0	0	0	0	3	0	0	0	22	0	0	11	0	0	7	0	7
a5b412c80c0409d344def7b47bd83821	62	9	7	0	0	0	0	0	0	0	0	0	0	0	0	0	0	0	0	0	0	0	0	0	0	0	0	0	0	0	0	0
7fca37e4e8e94eadce3b68ea6b31be77	0	0	0	0	0	0	0	0	0	0	0	0	0	0	0	0	0	0	0	0	0	0	0	0	0	0	0	0	0	0	0	0
9e0cf2990d3c1b967f22b595403e1578	0	0	27	0	35	16	29	0	0	0	0	0	4	5	0	0	0	16	0	0	9	0	18	0	35	38	18	0	0	0	14	0
ca3443e661e5449316a88cdc505f6506	19	0	0	0	31	12	18	8	0	0	0	0	0	0	10	0	0	33	61	14	0	0	0	0	36	11	20	0	26	0	24	0
e1aebe7c9c9145642a671f69b44ec69c	65	0	0	0	0	0	0	0	0	0	0	0	0	0	0	0	0	0	11	34	0	0	0	0	0	0	0	0	0	0	0	0
2e60a2b63ef994fe9a9f8de5efe538c2	0	0	8	0	0	0	3	0	5	0	58	0	0	0	0	0	0	10	5	0	0	0	0	17	40	8	0	0	0	0	16	0
dda4ffcaa0f0152f815fb83b3964f0c0	0	0	0	12	30	23	26	0	14	0	0	21	0	0	0	0	0	0	15	6	12	14	0	0	0	0	12	0	14	0	0	0
f32d3aae7b61b9034d192794f30bdd28	0	0	0	0	15	0	0	0	0	0	0	0	10	0	0	0	0	0	0	0	0	0	0	0	0	0	0	0	0	0	0	7
23f2efb78b7f6c9aff864c54df3e9f9a	0	0	0	0	8	31	14	13	0	6	0	0	10	0	0	0	25	139	0	19	8	12	0	0	0	0	0	10	0	0	0	0
3f8c83534cd95e430ee64a4f966169fb	0	0	0	0	0	42	0	0	0	0	0	0	0	0	0	0	21	216	0	0	0	0	0	0	0	0	0	4	0	0	0	0
494e7cb040a86bd3d91e7066a86d06d0	21	0	0	0	0	0	0	0	0	6	0	0	5	4	0	0	0	0	0	0	0	0	0	0	34	19	0	0	0	0	0	0
50935370327b2c7621fb3bf842aff307	0	0	34	15	0	0	0	0	0	0	0	0	122	0	0	0	23	0	0	0	0	0	0	31	0	0	25	13	0	0	0	0
7aa47d031d30f937cc5283b98f32f344	0	0	0	0	0	0	0	0	0	0	0	0	0	0	0	0	0	0	0	0	0	0	0	0	9	0	0	0	0	0	0	0
795afb2dc8981e9f33fdc2243dd67c11	0	0	105	32	0	0	0	0	0	0	0	0	0	0	0	0	0	0	0	0	0	0	0	0	0	0	0	0	0	0	0	0
42bf0230501446f0ac41a1cfa733a019	0	0	0	0	0	0	0	0	0	14	0	0	0	12	34	20	122	0	0	0	0	0	0	0	0	0	0	0	0	0	0	0
f221f8076616963818a94ba26d64e786	0	0	0	0	0	0	0	0	0	0	0	0	0	0	0	0	0	0	5	0	0	0	0	5	0	9	0	0	6	0	0	0
f2f5de6ed76bb0723cf1b61219904050	17	0	19	24	0	0	10	23	0	0	0	0	7	0	0	0	0	0	0	0	0	0	0	0	0	0	14	0	39	0	25	24
65654770a942b3ed73ed3001ce78e695	25	0	0	0	0	0	0	0	0	0	0	0	0	0	0	0	0	0	0	0	0	0	0	0	0	0	0	0	8	7	30	10
7f47e44138ceed006ea492d8464f8637	0	0	0	0	0	0	0	0	0	0	0	0	11	0	0	0	22	0	11	23	0	0	0	0	0	0	0	0	0	0	0	0
d2e384899f80cca5ef1896eab0c862ee	0	0	0	0	0	0	0	0	117	63	0	0	0	0	0	0	0	0	38	0	0	0	0	0	0	0	0	0	0	0	0	0
5b9a6dbfc952e746732fc2d8d850487d	0	0	19	0	15	0	6	9	0	9	0	0	0	0	0	0	0	0	0	0	0	38	12	0	0	0	0	0	11	8	0	0
25e66412d5d3929fdd2e88b4a4affff2	0	0	0	0	0	0	0	0	19	17	0	0	70	52	0	0	19	0	0	0	0	0	0	0	0	0	16	10	0	0	0	0
eedfcf07c3604960f7f54e17d4d170ba	10	0	0	0	0	0	0	0	35	24	0	0	0	0	0	0	0	0	0	0	0	0	84	42	0	0	0	0	0	0	0	0
cec58b5ab062695f1f163c48964d2ff1	0	0	0	0	0	0	0	0	0	0	0	0	0	0	0	0	0	11	0	0	60	87	0	0	0	0	0	0	21	0	16	0
62d8d67e8095731d106fa6f30180041b	0	0	16	0	37	39	0	0	0	4	0	0	0	0	0	6	0	0	0	0	0	0	0	0	0	0	0	0	0	10	7	0
39fbbdb269c209c5405e7fc70d2a0ec9	0	0	0	0	26	0	22	0	0	0	0	0	0	0	0	0	0	14	0	0	0	0	0	0	0	19	14	0	0	0	0	28
2767d4a7a901f282028a4285918789f1	10	0	0	0	0	0	0	0	0	11	0	0	12	14	0	0	0	0	0	0	0	0	0	0	0	0	0	0	0	0	0	0
a30e6cc09462ab39fa984611f8742bf0	0	0	0	0	50	29	0	0	0	0	0	30	0	0	0	0	0	0	0	0	0	0	0	0	0	0	0	0	0	0	46	35
225d61c2946d8c499a55465dc493edbe	0	0	0	0	0	0	0	0	0	0	0	0	14	0	0	0	0	0	0	0	0	0	0	0	0	0	0	0	0	0	101	72
ea052139a16a1ef0b7cdc98011d93b09	0	0	25	0	30	0	0	0	0	0	0	0	0	0	0	0	0	0	0	0	0	0	0	0	0	0	10	5	0	0	0	0
78a5b220c399011a5a72ce2755fc54ac	0	0	0	0	0	0	0	0	0	0	0	0	0	0	4	0	0	0	0	0	0	0	0	0	0	0	0	0	0	0	0	0
e29324327c99c1b90dee97aa116998d2	0	0	0	0	0	0	0	0	0	0	0	0	0	0	0	0	0	0	0	0	0	0	0	0	0	0	0	0	0	0	0	0
913e0ac3fe1767a88a0d99d8cfb1b096	0	0	0	0	0	0	0	0	0	0	0	0	0	0	0	0	0	0	0	0	108	70	0	0	0	0	0	0	0	0	0	0
04bb565690893e54ba147a858e9c57da	14	0	0	0	43	12	0	0	36	0	0	0	0	0	0	0	0	0	0	0	0	0	0	0	0	0	0	0	16	0	0	0
d897e821df898583baa7e832da459cfa	0	0	0	0	138	35	0	0	0	0	0	0	0	0	0	0	0	0	0	0	0	0	0	0	0	0	0	0	0	0	0	0
c701c3a70957b56b5fcfe64394278c29	0	0	0	0	0	0	0	0	0	0	0	0	0	0	0	0	0	0	0	0	0	0	0	10	0	0	0	0	0	0	0	0
d45051b862ebc3b764c6cd4758045a5c	0	0	0	0	0	0	0	0	0	0	0	0	0	0	0	0	0	31	0	0	0	0	0	0	0	0	0	0	0	0	0	0
24a243c38014e2daa1fadd8c23ec578f	15	0	0	0	0	0	13	0	0	0	69	2	0	0	0	10	0	6	0	4	0	0	0	0	0	0	0	0	15	0	0	5
4f44782d2e9483b14e4b8b3edc66c612	0	0	0	0	0	0	0	0	11	7	0	22	0	0	12	0	0	0	0	0	0	0	0	0	0	0	0	0	28	0	6	17
86254a9956fcb87aead3ede5680ad82a	7	0	10	0	0	0	0	0	0	13	0	5	7	0	0	0	0	0	0	0	0	0	0	0	0	0	0	0	0	0	12	10
35b02bf1210d1555b77db5fe81d1fd97	0	0	15	0	0	23	0	0	7	0	0	4	0	0	0	0	0	0	0	0	0	0	0	11	0	0	6	11	7	0	10	7
7f872c64e0f1619e2b8e537ac413a674	0	0	0	0	0	0	0	0	0	0	0	0	0	0	0	0	0	0	0	0	0	0	0	0	0	0	0	0	0	0	0	0
2e95fd11da45c34ee1cb0f946117cb48	0	0	37	35	0	0	0	0	0	0	0	0	0	0	0	0	0	0	5	0	0	0	0	0	0	0	0	0	0	0	0	0
191a69529c91c6bc3f1f0e8c560424a9	0	0	31	0	0	0	0	0	0	0	0	0	0	0	0	0	21	15	0	0	0	50	5	0	0	0	0	0	0	0	22	9
acc10c7fb85bf4bdd451a7d4c13c15bb	0	0	0	0	0	0	0	0	0	0	0	0	0	0	0	0	0	0	0	0	0	0	0	0	0	0	0	0	0	0	0	0
80cef54718b8b3b053e81320def20ea5	0	0	0	0	0	0	0	0	0	0	0	0	0	0	0	0	0	0	0	0	0	0	0	0	0	0	0	0	0	0	0	0
04a79736420e423d4cd6043253521d58	0	0	0	0	0	0	40	0	11	0	0	0	0	0	0	0	0	0	0	0	0	0	0	12	0	0	0	0	0	0	0	0
8e2e4a136a9c88493273398ce4b9ab28	0	0	0	0	0	0	0	0	0	0	0	0	0	0	0	0	0	0	0	0	0	8	0	0	0	0	0	0	0	0	0	0
177a3f71aabe7f12640a993eaac36069	0	0	0	0	0	0	53	57	0	0	0	0	0	0	0	0	0	0	0	0	0	0	0	0	0	0	0	0	0	0	0	0
2abcf003788d23bd2e0506a728d67415	0	0	0	0	0	0	0	0	0	0	29	0	0	0	0	0	11	20	0	0	0	14	0	0	0	0	0	0	0	0	0	0
36009a1a784a332284124f870270d589	4	0	0	0	0	0	0	0	0	0	0	0	0	0	0	0	0	0	0	0	0	0	0	0	0	0	0	0	28	5	0	0
d4f70b1fb46b3e8c80435163c993304d	9	0	0	5	0	0	0	0	0	0	0	0	0	0	0	0	0	0	0	0	0	0	0	0	0	0	0	0	8	0	0	0
55bfb2bcd8927eb6606df96d2643c987	0	0	65	49	0	0	0	0	0	0	0	0	0	0	0	0	0	0	0	0	0	0	12	0	0	0	0	0	0	8	0	0
12d74cf4397618486147c2db83d5823d	0	0	0	0	0	0	8	13	0	0	3	11	10	0	15	13	4	4	0	0	9	0	0	0	0	21	11	11	0	0	0	0
6e49fc95bd9c127e987ac272cc26cfcf	0	0	0	0	76	52	0	0	0	0	0	0	0	0	0	0	0	0	0	0	0	0	0	0	0	0	0	0	0	0	0	0
2acc0eeaf11d4e05a0275b4614e23db2	0	0	0	0	0	0	0	0	0	0	0	0	0	0	0	0	0	38	0	0	0	0	0	0	0	0	0	0	0	0	0	0
eee3dcf94a2ccb2389036c87bf6f340c	0	0	0	0	0	0	0	0	0	0	0	0	0	0	0	0	0	0	0	0	0	0	0	0	0	0	0	0	0	0	0	0
c54bf70908b1db0f88baa5d62cbedb52	38	0	0	0	0	0	0	0	0	0	0	0	0	0	0	0	0	0	61	25	0	0	0	0	0	0	0	0	0	0	0	0
4ed52398918c3276815f4fb4e9b52c01	7	0	0	0	0	0	8	6	0	3	0	0	4	23	4	10	0	0	0	0	0	0	9	5	0	0	3	4	7	4	10	7
1c641acbfb592b9fee2d900cdd6ea775	0	0	0	0	0	0	0	0	0	0	0	0	0	0	0	0	0	0	0	0	0	0	0	0	0	0	0	0	0	0	0	0
04452c83340ecb71a3c1bea0251bbd75	8	0	74	37	0	0	0	0	0	0	0	0	0	0	0	0	0	0	0	4	0	0	0	0	0	0	0	0	0	0	0	0
3c6560c1cf47619097ab1d6436b03f55	0	0	0	0	0	0	0	0	0	0	0	0	0	0	0	0	0	0	0	0	0	0	0	0	0	0	0	0	0	0	0	0
d1f8393943d8b6789840e53f9ba7f664	0	0	0	0	0	0	0	0	0	0	0	0	0	0	0	0	0	0	0	0	0	0	0	0	0	0	0	0	0	0	0	0
592b19b91910c7d13ead34e0a6e2c194	0	0	9	0	0	0	0	0	0	0	0	0	0	0	0	0	0	0	0	0	0	0	0	0	0	0	0	0	0	0	0	0
8cccf951be769aac9817e6cfad41b7bb	0	0	0	0	0	0	0	0	0	0	0	0	0	0	0	0	0	0	11	0	0	0	11	9	0	0	0	0	0	0	0	0
230b40d1516bb280a9485644172678ab	0	0	0	0	0	48	0	0	0	17	0	0	33	0	0	0	0	0	0	11	0	0	0	0	0	0	0	0	0	0	0	0
1676951ab7cce45528ff3b84ab7322b2	0	0	0	0	0	0	0	0	0	0	0	0	0	0	0	0	0	0	55	52	0	0	0	0	0	0	0	0	0	0	0	0
8c91c06c5f265a17b3a56ed458505830	0	0	0	0	0	0	0	0	0	0	0	0	0	94	0	6	0	0	5	0	0	0	0	0	0	0	0	0	0	0	0	0
744aee5ea12daecbc79ee5af40a7c59c	7	0	0	0	0	0	0	0	0	0	0	0	0	0	0	35	40	0	0	0	0	0	0	0	0	0	0	0	0	0	0	19
05131eda47202ff9fac2775b1cd653e8	0	0	83	18	0	0	0	0	0	0	0	0	0	0	0	0	0	0	0	0	0	0	0	0	0	0	0	0	0	0	0	0
864ffcac0b63f919924d35095f0cedcd	0	0	0	0	0	0	0	0	0	0	0	0	0	0	0	0	0	35	0	0	0	0	0	17	0	0	0	0	0	0	38	10
c2b091f3a453f33158ed70bd52bb9278	0	0	0	0	0	0	0	0	0	0	0	0	0	0	0	0	0	0	0	0	0	0	0	0	0	0	0	0	0	0	0	0
bc7ef4546f729a4a7b606b47d4df78de	0	0	0	0	0	0	0	0	16	21	0	0	0	0	0	0	0	0	18	43	0	0	0	0	0	0	0	0	0	0	0	0
66dd8a666224f8638a78fee4e5655695	0	0	0	0	0	0	0	0	0	0	0	0	0	0	0	0	0	0	0	0	0	0	0	0	0	0	0	0	0	0	0	0
793b874082543d7b4a5b3fa061e631e1	0	0	0	0	0	0	0	0	0	3	0	0	0	0	0	0	0	0	4	0	0	0	0	0	0	0	0	0	0	0	0	0
349bab8da37ab503ccfc4de9df2f71ae	0	0	0	0	0	0	0	0	0	0	0	0	0	0	6	0	0	0	0	0	0	0	0	0	0	0	0	0	0	0	0	0
2fa07353d82d0d36b91e41bc3b240516	0	0	17	22	0	6	0	0	0	0	0	0	0	0	0	0	0	0	0	0	0	0	0	0	0	0	0	0	0	0	18	9
9820ac465022b46ee55e22b95bde4289	0	0	0	0	0	0	0	0	0	0	0	0	0	0	0	0	0	0	0	0	0	0	0	0	0	0	0	0	0	0	0	0
2eced03d4224ef6cd48645bafad4721f	30	0	0	0	0	0	0	0	13	0	0	0	0	0	0	0	0	0	0	0	12	34	0	0	0	0	0	0	0	0	0	0
d646b9a5f1222134c135d4b5d5b6f287	0	0	0	0	0	0	0	0	0	0	0	0	0	72	0	0	0	0	0	7	0	0	0	0	0	0	0	0	0	0	0	0
7033d30d88ff10e71b933f7d2c3fdb1a	87	0	0	0	0	0	0	0	0	0	0	0	0	0	0	0	0	0	0	0	0	0	0	0	0	0	0	0	0	0	0	0
8d29a4b0e2aa4632d98d3b302ea9ef31	0	0	0	0	4	2	17	0	0	5	0	0	0	0	0	0	0	0	0	0	4	3	4	0	0	0	0	0	0	0	0	0
47fb23ca1df65735ae426560ee5d90cd	0	0	0	0	0	0	0	0	0	0	0	0	0	0	0	0	0	0	0	0	0	0	0	0	0	0	0	0	0	0	0	0
b7f64d28d49eb2d41b541aa1eb87168d	0	0	0	0	0	0	0	0	30	0	7	0	17	0	0	0	0	0	0	0	0	0	0	0	0	0	0	0	0	0	18	14
b8e9a09aa38f36d19cd4d57f156637ae	0	0	0	0	0	0	0	0	0	0	0	0	0	0	0	0	0	0	0	0	0	0	0	0	0	0	0	0	0	0	0	0
7c0221b4255a94fc2da4b51b79ebb189	7	0	0	0	0	0	0	0	0	16	0	0	0	0	0	0	0	0	0	0	23	37	0	0	0	0	0	0	0	0	0	0
c49b96326cfed7b8d97d7ce6e9a039c7	6	0	0	0	0	0	0	0	0	0	4	0	0	0	0	0	0	0	0	0	0	0	0	0	0	0	0	0	0	0	0	0
8279447c860fbdabb7ab1700cf3ec8dc	2	0	0	0	0	0	0	0	0	0	0	0	0	0	0	0	10	0	0	0	22	0	0	0	0	0	0	0	0	0	24	24
f4be831e34eb58cbd974685d4f455352	0	0	0	0	0	0	0	0	54	0	0	0	0	0	0	0	0	0	0	0	0	0	0	0	0	0	0	0	26	0	0	0
0e215eb5ea306a1d04c6b7fdd94e1cac	0	0	10	0	0	0	0	0	0	0	0	0	0	0	0	0	0	0	0	0	0	0	0	0	0	0	0	0	0	0	0	0
8ca1f16071d6ec4063c35f053fad7c87	0	0	0	0	0	0	33	26	0	0	0	0	0	0	0	0	0	0	0	0	0	0	14	6	0	0	0	0	0	0	0	0
04998ebac089ed3027cb4baece38d99c	29	0	0	0	0	0	24	0	0	0	0	0	0	0	0	0	0	0	12	0	0	0	0	0	0	0	0	0	0	0	0	0
f1ccf2f7fee0d217aa11ac016be26125	0	0	0	0	0	0	0	0	0	3	0	0	0	10	13	0	0	0	0	0	2	0	0	0	0	0	7	0	5	0	0	0
cfc784d01239569843b469b746b4480d	0	0	0	0	0	0	0	0	0	0	0	44	0	0	0	0	0	0	0	0	0	0	0	0	0	0	0	0	0	0	33	0
9b7df2deef0a096a7843440bffbfe809	0	0	0	0	0	0	0	0	0	0	0	0	0	0	0	0	0	0	0	0	10	11	0	0	0	0	0	0	0	0	17	17
c0760c8bb5af78b448b74dabd5dc0cd7	0	0	0	0	0	0	0	0	0	0	0	0	0	0	0	0	0	0	0	0	0	0	0	0	0	0	0	0	0	0	0	0
2cdcf81d70e0174f668f3351c4a6da9e	0	0	0	0	0	0	0	0	0	0	0	0	0	0	0	0	0	0	0	0	0	0	0	0	0	0	0	0	0	0	0	0
e5c182a72ab6968853f3675e8c66677e	11	0	0	0	0	0	0	0	0	0	0	0	0	0	0	0	0	0	0	0	0	0	0	0	0	0	0	0	0	7	0	57
519464130999e0f8f5f9c00dacac4b4d	0	0	21	0	0	0	0	0	0	0	0	0	0	0	0	0	0	0	0	0	0	0	0	0	0	0	0	0	0	0	0	0
08e5996d843b3203b06163edc542cdef	0	0	14	7	0	0	0	0	0	0	0	15	0	0	0	0	12	0	0	0	0	0	0	10	0	0	9	8	0	0	0	0
88ab9af7bd6d8a09c14a812cb2082a79	0	0	0	11	0	0	0	0	0	0	0	0	8	0	0	0	0	0	0	0	15	13	0	0	0	0	0	0	0	0	0	0
0ffe1c0b10c23e914f31815446e63b43	0	0	0	0	0	0	0	0	0	0	0	0	0	0	0	0	0	0	26	45	0	0	0	0	0	0	0	0	0	0	0	0
4bec907c5c52d95f0cdd7b27574551e6	0	0	0	0	16	18	0	0	0	0	0	0	0	0	0	0	0	0	0	0	0	0	19	17	0	0	0	0	0	0	0	0
f851259f9ce3d4995cd742108b6487d8	0	0	0	0	0	0	0	0	0	0	0	0	0	0	0	0	0	0	0	0	0	0	0	0	0	0	0	0	0	0	13	16
71923d469c153df048fc36822eebcd15	0	0	47	21	0	0	0	0	0	0	0	0	0	0	0	0	0	0	0	0	0	0	0	0	0	0	0	0	0	0	0	0
81fb9360f5e5db4f7d99b5f099c691bf	0	0	0	0	0	0	0	0	0	0	10	0	0	0	0	0	0	0	0	0	8	0	0	0	0	0	0	0	0	0	0	16
3272b5d7672fceaf5b7de4288af347a2	0	0	0	0	0	0	0	0	0	10	0	0	0	0	0	0	0	0	0	0	0	0	0	0	0	0	0	0	0	0	0	0
37c4a32e028b15947d0bb74403274ced	0	0	0	0	0	0	0	0	0	0	0	0	0	0	0	0	0	0	0	0	0	0	0	0	0	0	0	0	0	0	0	0
50843be1c86ff48040e3afb94ffeef5d	0	0	0	0	0	0	0	0	0	0	0	0	0	0	0	0	0	0	0	0	0	0	0	0	0	0	0	0	0	0	0	0
5843b15422897633f1b834c1aea45d97	0	0	0	0	0	0	0	0	0	0	0	0	0	0	0	0	0	0	0	0	0	0	0	0	0	0	0	0	0	0	0	0
ff879f5418ebe06779501b57b52cb944	0	0	0	0	0	0	0	0	0	0	0	0	0	0	0	0	0	0	0	0	0	0	0	0	0	0	0	0	0	0	0	0
f67ce1b43b430597b6c3ce04140cdea1	0	0	0	0	0	0	0	0	0	0	0	0	0	0	0	0	0	0	41	18	0	0	0	0	0	0	0	0	0	0	0	0
14c7421ccb8cb1199fe15c7ec91f3a97	0	0	0	0	0	0	0	0	0	0	0	0	0	6	0	0	0	0	0	6	0	0	0	0	0	0	0	0	0	0	23	0
35395b9940e22cf94b73f86eabc11190	0	0	0	0	0	0	0	0	0	0	0	0	0	0	0	0	0	0	6	52	0	0	0	0	0	0	0	0	0	0	0	0
8687d1ad150228c9da510f906b670cd2	0	0	0	0	0	0	0	0	0	0	0	0	0	0	0	0	0	0	0	0	0	0	0	0	0	0	0	0	0	0	0	15
30224fff17f43adec51a3b47940b5d01	34	0	0	0	0	0	0	0	0	0	0	0	0	0	23	0	0	0	0	0	0	0	0	0	0	0	0	0	0	0	0	0
5c0b43a1ab1e62e3373713d9e7c53c3e	7	0	0	0	0	0	0	0	0	0	0	0	0	0	0	0	0	0	0	0	0	0	18	0	0	0	0	0	31	0	0	0
620edd2956ede81b09704c3f3f5657fa	0	0	0	0	0	0	0	0	0	0	0	0	0	0	0	0	0	0	0	0	0	0	0	0	0	0	0	0	0	0	0	0
8030b5c287dcd9545dd081d79cf9f625	0	0	0	0	0	0	0	0	0	0	0	0	0	0	0	0	0	0	0	0	0	55	0	0	0	0	0	0	0	0	0	0
01e20f7890bfbcc95e7bf84d1432989b	0	0	0	0	0	0	5	0	0	4	0	5	0	0	0	4	0	0	0	0	0	0	0	0	0	0	0	5	0	0	0	9
e76550bbbd18a8319067eccc4b353635	0	0	0	0	0	0	0	0	0	0	0	0	0	0	0	0	7	4	0	0	0	0	0	0	0	0	0	0	0	0	0	0
d8b252700645ef1d1fdefed4c0f385fc	0	0	0	0	0	0	0	0	0	0	0	0	0	0	0	0	0	0	36	18	0	0	0	0	0	0	0	0	0	0	0	0
c1d1a48bfe3724f03161c473df7784df	0	0	0	0	40	13	0	0	0	0	0	0	0	0	0	0	0	0	0	0	0	0	0	0	0	0	0	0	0	0	0	0
fd5fedd489121a57f34fa171ac341906	16	0	0	0	0	0	0	0	0	0	0	0	0	0	0	0	0	0	0	0	0	0	0	0	0	0	0	0	0	0	0	0
f52c7d052641860703cab377fe3ccdc0	0	0	0	0	15	0	0	0	0	0	16	0	0	0	0	0	0	0	0	0	0	0	0	0	0	0	0	0	21	0	0	0
10b6a949a1500e8e9c3ef957824e03d9	0	0	0	0	0	0	0	0	0	0	0	0	0	0	0	0	0	0	0	0	0	0	0	0	0	0	0	0	0	0	0	0
9960c3fcfc2429f0aefd98aa370382ce	0	0	0	0	0	0	0	0	0	0	0	0	0	0	0	0	0	0	0	0	0	0	0	0	0	0	0	0	0	0	0	0
54c75ff9808ad69261f196f3fa130b06	28	0	0	0	0	0	0	0	0	0	0	0	0	0	0	0	0	0	7	0	0	0	0	0	0	0	0	0	0	0	0	15
8bdb9230ca56dd9fc91558a3bbb273e3	0	0	0	0	0	0	0	0	0	0	0	0	0	0	0	0	0	0	0	0	0	0	0	0	0	0	0	0	0	0	0	0
34f596506fec311944e2ffcd6c1dcaba	0	0	0	0	0	0	0	0	0	0	0	0	0	6	0	0	0	0	0	0	0	0	0	0	0	0	0	0	0	0	0	0
fd5f98fa76b609190af6510367d7f5c4	0	0	0	0	0	0	0	0	0	0	0	0	0	0	0	0	0	0	0	0	0	0	0	0	15	0	0	0	0	0	0	0
58377641ce275fddf1788bcd37a3c133	6	0	0	0	0	0	0	0	0	0	0	6	0	0	5	0	0	0	0	0	0	0	0	0	0	8	0	0	0	0	0	0
1af14ca4abaea5d37600b68152fa9557	0	0	0	0	0	0	0	0	0	0	0	48	0	0	0	0	0	0	0	0	0	0	0	0	0	0	0	0	0	0	0	0
e8072d8f9324c234e49a645271f23cc6	0	0	0	0	0	0	0	0	0	0	0	0	0	47	0	0	0	0	0	0	0	0	0	0	0	0	0	0	0	0	0	0
69ce0617cbc3b5ee8bf0bdf40659d73a	0	0	0	0	0	0	0	0	0	0	0	0	0	0	0	0	0	0	0	0	0	0	10	12	0	9	0	0	16	0	0	0
9b5c4102f89933c58dba769077b9610c	0	0	0	0	25	21	0	0	0	0	0	0	0	0	0	0	0	0	0	0	0	0	0	0	0	0	0	0	0	0	0	0
bb023fa57fd1964b6ebb7eb0fbd38213	0	0	6	0	11	0	0	0	0	0	7	0	0	0	0	0	0	0	0	0	10	0	0	0	0	0	0	0	0	0	0	0
e3037e0b8dafc455576ace7cc6a9a5b9	0	0	0	0	0	0	0	0	0	0	0	0	0	0	0	0	0	0	0	0	0	0	0	0	0	0	0	0	0	0	0	0
915f46063d42e99137a5764e3514e3cd	0	0	0	0	0	0	0	0	0	0	0	0	0	0	0	0	0	0	0	0	0	0	0	0	0	0	0	0	0	0	0	0
27ca1a093b7852fb8a446c07ad8cde38	0	0	0	0	0	0	0	0	0	0	0	0	0	9	0	0	0	0	0	0	0	0	0	0	0	0	0	0	0	0	0	0
b1b251321b035c2d4a3545fa8d6eeff7	0	0	0	0	0	0	0	0	0	0	0	0	0	0	0	0	0	0	0	0	0	0	0	0	0	0	0	0	0	0	0	0
944d361e7ebe5db657ec5bdea34cc814	33	0	0	0	0	0	0	0	0	0	0	0	0	0	10	0	0	0	0	0	0	0	0	0	0	0	0	0	0	0	0	0
46e806c03cfddc66ec8b10a0e428d906	0	0	0	0	0	0	0	0	0	0	0	0	0	0	0	0	0	0	0	0	0	0	0	0	0	0	0	0	0	0	0	0
fc1a64721dd7cc12d6e71bef317bb9ac	0	0	0	0	0	0	0	0	0	0	0	0	0	0	0	0	0	0	0	0	0	0	0	0	0	0	0	0	0	0	0	0
eb7176dbda53db07c5bcd55baebd6889	0	0	0	0	0	0	0	0	0	0	0	0	0	0	0	0	0	0	14	26	0	0	0	0	0	0	0	0	0	0	0	0
40ff58f91c62bf1e46b6ef7bdbdafd81	0	0	0	0	0	0	0	0	0	0	0	0	0	0	0	0	0	0	0	0	0	0	0	0	0	0	0	0	0	0	0	0
be13798afba9ac3f2fe9be00d80f31b7	39	0	0	0	0	0	0	0	0	0	0	0	0	0	0	0	0	0	0	0	0	0	0	0	0	0	0	0	0	0	0	0
496317f9b237c54201f4f54513407292	0	0	0	0	0	0	0	0	0	0	0	0	0	0	0	0	0	0	0	0	0	0	0	0	0	0	0	0	0	0	0	0
3d0a443b28cb55ee49afc9943974489a	38	0	0	0	0	0	0	0	0	0	0	0	0	0	0	0	0	0	0	0	0	0	0	0	0	0	0	0	0	0	0	0
f4a2a047d84de41dda60df04dddbe1de	0	0	0	0	3	0	0	0	0	0	0	0	0	0	0	0	0	0	0	0	0	0	0	0	0	0	0	0	0	0	0	0
129c76f1b24b0f10b24d7b20f92cbdb8	0	0	0	0	0	0	0	0	0	0	0	0	0	0	0	0	14	24	0	0	0	0	0	0	0	0	0	0	0	0	0	0
57273e0d47cf3ed1c2679c0a9ce830dc	0	0	0	0	0	0	0	0	9	0	0	0	0	0	0	0	0	0	0	0	0	0	0	20	0	0	0	0	0	0	0	0
fa08aab69ace8e41bf1701e96ad7ea00	0	0	0	0	0	0	0	0	0	0	0	0	19	16	0	0	0	0	0	0	0	0	0	0	0	0	0	2	0	0	0	0
377863b9b5f359b6bfd5cbe4c2bfdeda	0	0	0	0	0	0	0	0	0	0	0	0	9	0	0	9	0	0	0	0	10	9	0	0	0	0	0	0	0	0	0	0
a94d18b415098c03d741d9ba63c46bd4	0	0	0	0	0	0	0	0	0	0	0	0	0	0	0	0	0	0	0	0	0	0	0	0	0	0	0	0	0	0	0	0
0582d4db3e0afefcc86b1f556220719d	0	0	0	0	0	0	0	0	0	0	0	0	0	0	0	0	0	0	0	0	0	0	0	0	0	0	0	0	0	0	0	0
9e5bc44b0fecf5884feadc476f9cf8f7	0	0	0	35	0	0	0	0	0	0	0	0	0	0	0	0	0	0	0	0	0	0	0	0	0	0	0	0	0	0	0	0
d419118aa44c5656e2830f0fbc7078d1	0	0	0	0	0	0	0	0	6	0	0	0	0	0	0	0	0	0	0	0	0	0	0	0	0	0	0	0	0	0	0	0
b884cf6468f7bde54ec8f893adf3889b	0	0	0	0	0	0	0	0	0	0	0	0	0	0	35	0	0	0	0	0	0	0	0	0	0	0	0	0	0	0	0	0
6d8ddff586ac69644f128103adce740c	0	0	0	0	0	0	0	0	0	0	0	0	0	0	0	0	0	0	0	0	0	0	0	0	20	15	0	0	0	0	0	0
555ce978698742a59a9b7bd8d48c1bed	0	0	0	0	0	0	0	0	0	0	12	0	22	0	0	0	0	0	0	0	0	0	0	0	0	0	0	0	0	0	0	0
f181ec516a350819ed3783f34c749236	0	0	0	0	0	0	0	0	0	0	0	0	0	0	0	0	0	0	0	0	0	0	0	0	0	0	0	0	0	0	0	0
57c269490323949d8db2d7dfc2cf3153	0	0	0	0	17	16	0	0	0	0	0	0	0	0	0	0	0	0	0	0	0	0	0	0	0	0	0	0	0	0	0	0
e56e859329f9270a29303096437c8c2b	0	0	0	0	0	0	0	0	0	33	0	0	0	0	0	0	0	0	0	0	0	0	0	0	0	0	0	0	0	0	0	0
d7ec23ebad7e4698083e474a5c27fa63	0	0	0	0	0	0	0	0	0	0	0	0	0	0	0	0	0	0	0	0	0	33	0	0	0	0	0	0	0	0	0	0
a8d7bdaee5ef6e60544b14c9998fe1dc	0	0	0	0	0	0	0	0	0	0	0	0	0	0	0	0	0	0	0	0	0	0	0	0	0	0	0	0	0	0	0	0
ba930ca4f3362f71c806f060c2dc5f37	0	0	0	0	0	0	0	0	0	0	0	0	0	0	0	0	0	0	0	0	0	0	0	0	0	0	0	0	0	0	14	19
610adc0266739346ef2158575b8e7ff8	0	0	0	0	0	0	0	0	4	28	0	0	0	0	0	0	0	0	0	0	0	0	0	0	0	0	0	0	0	0	0	0
18f0e786629b92bb1bef9c30856671bc	0	0	0	0	0	0	0	0	0	0	8	0	0	4	0	0	0	0	0	0	0	0	0	0	20	0	0	0	0	0	0	0
ae667022055717d105477d2417aca00b	0	0	0	0	0	0	0	0	0	0	8	0	0	0	0	0	0	0	0	0	0	0	0	0	3	14	0	0	0	0	7	0
35d0cea71127594ce58188abdbe9f3aa	0	0	0	0	0	0	0	0	0	0	0	0	0	0	0	0	0	0	0	0	0	0	0	0	0	0	0	0	0	0	0	0
14529be581465b96345e96adfcdbe2df	0	0	0	0	0	0	0	0	0	0	0	0	0	0	0	0	0	0	0	0	0	0	0	0	0	0	0	0	0	0	0	0
801a759b951725e76640d54b8181f643	0	0	0	0	0	0	0	0	0	0	0	0	0	0	0	0	0	0	0	0	0	0	0	0	0	0	0	0	0	0	0	0
9eed0644acfd53baabcfca5b1e9df87c	0	0	0	0	0	0	0	0	0	0	0	0	0	0	0	0	0	0	31	0	0	0	0	0	0	0	0	0	0	0	0	0
15d1e73f255fe160549e87d6cd86aa4c	0	0	0	0	0	0	0	0	0	0	0	0	0	0	0	0	0	0	21	10	0	0	0	0	0	0	0	0	0	0	0	0
7bc78e46e572924b45b560e9f8f8c7bf	0	0	0	0	0	0	0	0	0	0	0	0	0	0	0	0	0	0	0	0	0	0	0	0	0	0	0	0	0	0	0	0
0b393c8bd15a5801b3612bcf60e0c381	0	0	0	0	0	0	0	0	0	0	0	0	0	0	0	0	0	0	0	0	0	0	0	0	0	0	0	0	12	0	0	19
cc561ca377cb48483631b2da125e4c18	0	0	0	0	0	0	0	0	0	0	0	0	0	30	0	0	0	0	0	0	0	0	0	0	0	0	0	0	0	0	0	0
8d490b2dec6cf6447a84e20089dddc79	0	0	0	0	0	0	0	0	0	0	0	0	0	0	0	0	0	30	0	0	0	0	0	0	0	0	0	0	0	0	0	0
f63304afda846ba3536f24cf9b9e0e4a	0	0	0	0	0	0	0	0	0	0	0	0	0	0	0	0	0	30	0	0	0	0	0	0	0	0	0	0	0	0	0	0
0b2cfae607c37bc20fc4b724e80500c9	0	0	0	0	0	0	0	0	0	0	0	0	0	0	0	0	0	0	0	30	0	0	0	0	0	0	0	0	0	0	0	0
697646f319e03f19c8212e39df12c5c4	0	0	0	0	0	0	0	0	0	0	0	0	0	0	0	0	0	0	0	0	0	0	0	0	0	0	0	0	0	0	0	0
4022e96a38072ebc88226b354b3868b5	0	0	0	0	0	0	0	0	0	0	0	0	0	0	0	0	0	0	0	0	0	0	0	0	15	0	0	0	0	0	15	0
9d2172199449d686af2fc12e39ca763f	0	0	0	0	0	0	0	0	0	0	0	0	0	0	0	0	5	24	0	0	0	0	0	0	0	0	0	0	0	0	0	0
7bbf66d2c237d2b03ba3a7e5adf9ad5f	0	0	0	0	0	0	0	0	0	0	0	0	0	0	0	0	0	23	0	0	0	0	0	0	0	6	0	0	0	0	0	0
25a2d86cadb848b5499512375d6869dd	0	0	0	0	0	0	0	0	0	0	0	0	0	0	0	0	0	0	6	0	0	0	0	0	0	0	0	0	10	0	0	0
871dad746a2989fd3014eb06cbd2d24e	0	0	0	0	0	0	0	0	0	0	0	0	0	0	0	0	0	0	0	0	18	11	0	0	0	0	0	0	0	0	0	0
a37ad0ae5658187f03ca30dc83f27457	0	0	0	0	0	0	0	0	0	0	0	0	0	0	0	0	0	0	0	0	0	0	0	0	0	0	9	20	0	0	0	0
98ef2f9b4303708cb8edc91e125e520c	22	0	0	0	0	0	0	0	0	0	0	0	0	0	0	0	0	0	0	0	0	0	0	0	0	0	0	0	0	6	0	0
4a0daa3fde0edc6ee96af34d0e8d6693	0	0	0	0	0	0	0	0	0	0	0	12	0	0	0	0	0	12	0	0	4	0	0	0	0	0	0	0	0	0	0	0
122e1ba1eeb3b0a650520c516087685e	0	0	0	0	0	0	0	0	0	0	0	0	0	27	0	0	0	0	0	0	0	0	0	0	0	0	0	0	0	0	0	0
baff7370c4e4086b765b9becb975479c	0	0	0	0	0	0	0	0	0	0	0	0	0	0	0	0	0	0	0	0	0	0	0	0	0	0	0	0	0	0	0	0
cdb83f8e31e9e0736ac2931e3474c48b	0	0	0	0	0	0	0	0	0	0	0	0	0	0	0	0	0	0	0	0	0	0	0	0	0	0	0	0	0	0	0	0
015c8a5e70e6db4de5f7303cdf5594a8	0	0	0	0	0	0	0	0	0	0	0	0	0	0	0	0	0	0	0	0	0	0	13	14	0	0	0	0	0	0	0	0
273b2166874c7fb2a29c7685a202cd07	0	0	0	0	0	0	26	0	0	0	0	0	0	0	0	0	0	0	0	0	0	0	0	0	0	0	0	0	0	0	0	0
c3ea52b85e0f731e96157e4cf55161c5	0	0	0	0	0	0	0	0	0	0	0	0	0	0	0	0	8	18	0	0	0	0	0	0	0	0	0	0	0	0	0	0
ebd427c8be6d8ee3e9986e59566a4870	0	0	0	0	0	0	0	0	0	0	0	0	0	0	0	0	0	0	0	0	0	0	0	0	0	0	0	0	20	6	0	0
544273a8368e2f46cde76fc5c04f0115	25	0	0	0	0	0	0	0	0	0	0	0	0	0	0	0	0	0	0	0	0	0	0	0	0	0	0	0	0	0	0	0
c6f6350d2c7111f862ba1143f698ca91	9	0	0	0	0	0	0	0	0	0	0	0	0	8	0	0	0	0	0	0	0	0	0	0	0	0	0	0	0	0	0	0
c8d173b93e4e54fdda3c2d0b5449bcbf	0	0	0	0	0	0	0	0	0	0	25	0	0	0	0	0	0	0	0	0	0	0	0	0	0	0	0	0	0	0	0	0
7869f35d2bba320ff200f95c9c1dc1b5	0	0	0	0	0	0	0	0	0	0	0	13	0	0	0	0	0	12	0	0	0	0	0	0	0	0	0	0	0	0	0	0
57846ed95cd0fb8ab1266c567fb67ac6	0	0	0	0	0	0	0	0	0	0	0	0	0	0	0	0	0	0	0	0	0	11	0	0	9	0	0	0	0	0	0	5
e46fd99e11002541c8b87ca8d05886a3	0	0	0	0	0	0	0	0	0	9	0	0	0	0	0	0	0	0	0	0	0	0	0	0	0	0	0	0	0	0	0	0
2ce831c5dc58810295a20c6113b40042	0	0	0	0	0	0	0	0	0	0	0	0	0	0	0	0	17	0	7	0	0	0	0	0	0	0	0	0	0	0	0	0
03d6fc643478776609be385a3d62b97e	0	0	0	0	0	0	0	0	0	0	0	0	0	0	0	0	0	0	0	24	0	0	0	0	0	0	0	0	0	0	0	0
04ded369e0f047051ba8fd98c1b40fb0	0	0	0	0	0	0	0	0	0	0	0	0	0	0	0	0	0	0	0	0	0	24	0	0	0	0	0	0	0	0	0	0
9b238b6d5798d8f9c07b0982b48c53b7	0	0	0	0	0	0	0	0	0	0	0	0	0	0	0	0	0	0	0	0	0	0	0	0	0	0	0	0	0	0	0	0
101c00a240afc542f187a9d53a9b76cc	0	0	0	0	0	0	0	0	0	0	0	0	0	0	0	0	23	0	0	0	0	0	0	0	0	0	0	0	0	0	0	0
5071a9a74b55755f1a2b012ba74ed395	0	0	0	0	0	0	0	0	0	0	0	0	0	0	0	0	6	0	0	0	0	0	0	4	0	0	0	0	13	0	0	0
2bd0a4ceb6f4f0d0d442aa6c7733540b	0	0	0	0	0	0	0	0	0	0	0	0	0	0	0	0	0	0	23	0	0	0	0	0	0	0	0	0	0	0	0	0
e539cfe7a9bd0a7de696f876451d5d26	0	0	0	0	0	0	0	0	0	0	7	0	0	0	7	0	0	8	0	0	0	0	0	0	0	0	0	0	0	0	0	0
1f7a7c2deed26ce8887238c54b6c0c61	0	0	0	0	0	0	0	0	0	0	0	0	0	0	0	0	0	17	0	0	0	0	0	0	5	0	0	0	0	0	0	0
35195b675fcd32941cf09089230e84e8	0	0	0	0	0	0	0	0	0	0	0	0	0	0	0	0	0	0	0	0	0	0	0	0	0	0	0	0	0	0	0	0
92588601528b9fbdb33ab0fca379f2a2	0	0	0	0	0	0	0	0	0	0	0	0	0	0	0	0	0	0	0	0	0	0	0	0	18	4	0	0	0	0	0	0
993d3f926964d3337edf24885c697c74	0	0	0	0	4	0	0	0	0	0	0	0	0	0	0	0	0	0	0	0	0	0	0	0	0	0	0	0	0	0	0	0
ba0462fea6196269680a892e43f90952	0	0	0	0	0	0	0	0	0	0	0	0	21	0	0	0	0	0	0	0	0	0	0	0	0	0	0	0	0	0	0	0
0495ee5a976b4e675a8f08bc17428218	0	0	0	0	0	0	0	0	0	0	0	0	0	0	0	0	0	21	0	0	0	0	0	0	0	0	0	0	0	0	0	0
abb8b248d0ec0482c7963566a78a98de	0	0	0	0	0	0	0	0	0	0	0	0	0	0	0	0	0	0	0	0	0	0	0	0	0	0	0	0	0	0	0	0
0e3caa4292059460b6375e8a553e21b9	0	0	0	0	0	0	0	0	0	0	0	0	0	0	0	0	0	0	0	0	0	0	0	0	0	0	0	0	0	0	0	0
9afec21f94117501214e65e1c9f2ca4a	0	0	0	0	0	0	0	0	0	0	0	0	0	0	0	0	0	0	0	0	0	0	0	0	0	0	0	0	0	0	0	0
f56c0d82035a542db074a16d048272b3	5	0	0	0	0	0	0	0	0	12	0	0	0	0	0	0	0	0	0	3	0	0	0	0	0	0	0	0	0	0	0	0
882c8043617aa3844e1e1743c7e6bc81	0	0	0	0	0	0	0	0	0	0	0	0	0	0	0	0	0	7	0	0	0	0	0	0	13	0	0	0	0	0	0	0
4a4070e80af3d3fa3c67e5b14ca6feb1	0	0	0	0	0	0	0	0	0	0	0	0	0	0	0	0	0	0	8	12	0	0	0	0	0	0	0	0	0	0	0	0
8cbeee4c9a8ba9034e69df01872cc82a	0	0	0	0	0	0	0	0	0	0	0	0	0	0	0	0	0	0	0	0	7	6	0	0	0	0	0	0	0	0	0	0
c0d22b49e9e6a680d740a8a70e193254	0	0	0	0	0	0	0	0	0	0	0	0	0	0	0	0	0	0	0	0	0	0	0	0	0	0	0	0	0	0	0	0
0be663e4fb0aa1ae4ffb416676f43037	0	0	0	0	0	0	0	0	0	0	0	0	0	0	0	0	0	0	0	0	0	0	0	0	0	0	0	0	0	0	0	0
3a18384217c73be4859edf6210b2be3d	0	0	0	0	0	0	0	0	0	0	0	0	0	0	0	0	0	0	0	0	0	0	12	8	0	0	0	0	0	0	0	0
54057a5760ed3c2613a9e44be87c6b1f	0	0	0	0	0	0	0	0	0	0	0	0	0	0	0	0	0	0	0	0	0	0	0	0	0	0	0	0	0	20	0	0
c4b24c97f26535090f130dbf1782d824	11	0	0	0	0	0	0	0	0	5	0	0	0	0	3	0	0	0	0	0	0	0	0	0	0	0	0	0	0	0	0	0
a3212a5ee0723fafff46fe65be95d3ce	5	0	0	0	0	0	0	0	0	0	0	0	0	0	0	0	0	0	10	4	0	0	0	0	0	0	0	0	0	0	0	0
e756a5b3782ee3d13cf4f8000c9a315e	0	0	0	0	19	0	0	0	0	0	0	0	0	0	0	0	0	0	0	0	0	0	0	0	0	0	0	0	0	0	0	0
aaea89b1c23e8a9683f94600b520f30f	0	0	0	0	0	0	0	19	0	0	0	0	0	0	0	0	0	0	0	0	0	0	0	0	0	0	0	0	0	0	0	0
c4e9a040a11dcf068bc2eeda7671b0f8	0	0	0	0	0	0	0	0	0	19	0	0	0	0	0	0	0	0	0	0	0	0	0	0	0	0	0	0	0	0	0	0
d6f143ec4f754489904413148f69ef6b	0	0	0	0	0	0	0	0	0	0	0	0	0	19	0	0	0	0	0	0	0	0	0	0	0	0	0	0	0	0	0	0
b50963276da84e8e5d5dfb0392e0e022	0	0	0	0	0	0	0	0	0	0	0	0	0	11	0	0	0	0	0	0	0	0	0	8	0	0	0	0	0	0	0	0
aab9f02b912e385f7032a1848a1fe864	0	0	0	0	0	0	0	0	0	0	0	0	0	8	0	0	0	11	0	0	0	0	0	0	0	0	0	0	0	0	0	0
023a40e56500d1025afc0a253d7ec3f1	0	0	0	0	0	0	0	0	0	0	0	0	0	0	0	0	0	0	0	0	0	0	0	0	0	0	0	0	0	0	0	0
0e6c226257461063ff88e2fada0dd4ec	0	0	0	0	0	0	0	0	0	0	0	0	0	0	0	0	0	0	0	0	0	0	0	0	0	0	0	0	0	0	0	0
45fb7a54746d7162371434aad6e33dc5	0	0	0	0	0	0	0	0	0	0	0	0	0	18	0	0	0	0	0	0	0	0	0	0	0	0	0	0	0	0	0	0
0333d542ce689a70b93030777d4e05a0	0	0	0	0	0	0	0	0	0	0	0	0	0	0	0	0	0	0	13	5	0	0	0	0	0	0	0	0	0	0	0	0
afa62294d53318adbcb069b1a99b84e0	0	0	0	0	0	0	0	0	0	0	0	0	0	0	0	0	0	0	8	10	0	0	0	0	0	0	0	0	0	0	0	0
bf2dcf2d8a8a697aece9166522516310	0	0	0	0	0	0	0	0	0	0	0	0	0	0	0	0	0	0	0	0	0	0	0	0	0	0	0	0	0	0	18	0
feffcbc8c7fb1147ffce443eeb5cbe0e	17	0	0	0	0	0	0	0	0	0	0	0	0	0	0	0	0	0	0	0	0	0	0	0	0	0	0	0	0	0	0	0
34f776e77d8a7293b5e5033920a5028e	0	0	0	0	0	0	0	0	0	0	0	0	0	6	0	0	0	0	0	0	0	0	0	0	0	0	0	0	0	0	0	0
4976ee817409d0798910de514c3879a5	0	0	0	0	0	0	0	0	0	0	0	0	0	0	0	0	0	0	17	0	0	0	0	0	0	0	0	0	0	0	0	0
30dc7e7c7ccb548cd9cadbff7baa0e35	0	0	0	0	0	0	0	0	0	0	0	0	0	0	0	0	0	0	0	0	0	17	0	0	0	0	0	0	0	0	0	0
d99f14cbc7ac8a87aa735651dd985268	0	0	0	0	0	0	0	0	0	0	0	0	0	0	0	0	0	0	0	0	0	0	0	0	0	0	0	0	0	0	0	0
7afd7bccdc5282c7063c9fb455c7b8bd	0	0	0	0	0	0	0	0	0	0	0	0	0	0	0	0	0	0	0	0	0	0	0	0	0	0	0	0	0	0	0	17
e40f6720aea645f453c72277c405dc62	16	0	0	0	0	0	0	0	0	0	0	0	0	0	0	0	0	0	0	0	0	0	0	0	0	0	0	0	0	0	0	0
b73c20957c859ae9e8f4d9b850a04795	0	0	0	0	0	0	10	6	0	0	0	0	0	0	0	0	0	0	0	0	0	0	0	0	0	0	0	0	0	0	0	0
b3d58fb2671ed7bde42ae5d35bdafdaf	0	0	0	0	0	0	0	0	0	0	0	0	0	0	0	0	0	0	0	0	0	0	0	0	0	0	0	0	0	0	0	0
2bf1953fe24053ccb8d7e2e15bd50fa8	0	0	0	0	0	0	0	0	0	0	0	0	0	0	0	0	0	0	0	0	0	0	16	0	0	0	0	0	0	0	0	0
8c146536c20ed164623f96537a9ed624	0	0	0	0	0	0	0	0	0	0	0	0	0	0	0	0	0	0	0	0	0	0	0	0	0	0	16	0	0	0	0	0
3dfd694c9c804c937878c31b7769c4a9	0	0	0	0	0	0	0	0	0	0	15	0	0	0	0	0	0	0	0	0	0	0	0	0	0	0	0	0	0	0	0	0
c48ad4dc77f71dc302afcbf029df7d2e	0	0	0	0	0	0	0	0	0	0	0	15	0	0	0	0	0	0	0	0	0	0	0	0	0	0	0	0	0	0	0	0
bcd5556a37e983d01c4e7937c9f22517	0	0	0	0	0	0	0	0	0	0	0	0	0	0	0	0	0	0	6	0	0	0	0	0	0	0	0	0	0	0	0	0
55b66af1baa21c569ec0b4b0659bc59a	0	0	0	0	0	0	0	0	0	0	0	0	0	0	0	0	0	0	0	0	0	0	0	0	0	0	0	0	0	0	0	0
209e2b516fc6e6e657a494aec5be3582	0	0	0	0	0	0	0	0	0	0	0	0	0	0	0	0	0	0	0	0	0	0	0	0	0	0	0	0	0	0	0	0
8823c7f9d8dcc34bedb3f8305933c2ee	0	0	0	0	0	0	0	0	0	0	0	0	0	0	0	0	0	0	0	0	0	0	0	0	0	8	0	0	0	0	0	7
8d3e9245ea69abd07778d0c501de6fd8	0	0	0	0	0	0	0	0	0	0	0	0	0	0	0	0	0	0	0	0	0	0	0	0	0	0	0	0	0	15	0	0
0b9847eac0f5379022db4c8a90f11ebe	0	0	0	0	0	0	0	0	6	0	0	0	0	0	0	0	0	0	0	0	0	0	0	0	0	0	0	0	0	0	0	0
bcce13a84861f4f805f8cc9845bae00c	0	0	0	0	0	0	0	0	0	14	0	0	0	0	0	0	0	0	0	0	0	0	0	0	0	0	0	0	0	0	0	0
d924b450b2a61dd2af8c3d0fe3dc33bd	0	0	0	0	0	0	0	0	0	0	0	14	0	0	0	0	0	0	0	0	0	0	0	0	0	0	0	0	0	0	0	0
f4db19c8160f50c91b687fbeabd9dff9	0	0	0	0	0	0	0	0	0	0	0	0	0	14	0	0	0	0	0	0	0	0	0	0	0	0	0	0	0	0	0	0
c85346e0d15c964a5e15f047323d2a1d	0	0	0	0	0	0	0	0	0	0	0	0	0	0	10	4	0	0	0	0	0	0	0	0	0	0	0	0	0	0	0	0
a1d44e0b35a2a42e8d14b6aa7afe65e2	0	0	0	0	0	0	0	0	0	0	0	0	0	0	0	0	14	0	0	0	0	0	0	0	0	0	0	0	0	0	0	0
6f26f9a78c7992c88f7e8d96b645bff5	0	0	0	0	0	0	0	0	0	0	0	0	0	0	0	0	14	0	0	0	0	0	0	0	0	0	0	0	0	0	0	0
1d4225645365b815f8a66d621722711e	0	0	0	0	0	0	0	0	0	0	0	0	0	0	0	0	0	0	0	0	0	0	0	0	0	0	0	0	0	0	0	0
3b41b6348357b0cdb38bd031c6fe27cd	0	0	0	0	0	0	0	0	0	0	0	0	0	0	0	0	0	0	0	0	0	0	0	0	0	0	0	0	0	0	0	0
d3c51efa5875fd065c82425fceb77d9e	0	0	0	0	0	0	0	0	0	0	0	0	0	0	0	0	0	0	0	0	0	0	0	0	0	0	0	0	0	0	0	0
4e2017ef6d74a3689e7f0042679294a5	0	0	0	0	0	0	0	0	0	0	0	0	0	0	0	0	0	0	0	0	0	0	0	0	0	0	0	0	0	0	0	14
80be6d7dad1626a0b00101c4e329a33c	9	0	0	0	0	0	0	0	0	0	0	0	0	0	0	0	0	0	0	4	0	0	0	0	0	0	0	0	0	0	0	0
63dd3986b722a781191c5053e5b46443	0	0	0	0	0	0	0	0	0	0	8	0	0	0	0	0	0	0	0	0	0	0	0	0	0	0	0	0	0	0	0	5
424480e9686c5c5f0c1c5d7bb52edd74	0	0	0	0	0	0	0	0	0	0	0	0	0	13	0	0	0	0	0	0	0	0	0	0	0	0	0	0	0	0	0	0
b26b8a66d6929a91078074efd93edebe	0	0	0	0	0	0	0	0	0	0	0	0	0	0	7	6	0	0	0	0	0	0	0	0	0	0	0	0	0	0	0	0
3b35a536401004e9293d8376d27a7fab	0	0	0	0	0	0	0	0	0	0	0	0	0	0	0	0	0	0	8	5	0	0	0	0	0	0	0	0	0	0	0	0
c41b726eb9e5d4016dbe8511d166a829	0	0	0	0	0	0	0	0	0	0	0	0	0	0	0	0	0	0	0	13	0	0	0	0	0	0	0	0	0	0	0	0
38576d73b4d4cc401ed1f5a4ec1eaca2	0	0	0	0	0	0	0	0	0	0	0	0	0	0	0	0	0	0	0	0	13	0	0	0	0	0	0	0	0	0	0	0
2f28d1649120cfa91122687cb1b9f0f4	0	0	0	0	0	0	0	0	0	0	0	0	0	0	0	0	0	0	0	0	0	0	0	0	0	0	0	0	0	0	0	0
d63340f517b7b0437d16de6ea9024108	0	0	0	0	0	0	0	0	0	0	0	0	0	0	0	0	0	0	0	0	0	0	0	0	0	0	0	0	0	0	0	0
42cb2f2d9b340bfa805e265090d889ed	0	0	0	0	0	5	0	0	0	0	0	0	0	7	0	0	0	0	0	0	0	0	0	0	0	0	0	0	0	0	0	0
d7aa7a0ff6365e77367c066ac870ed74	0	0	0	0	0	0	0	0	0	8	0	0	0	0	0	0	0	0	0	0	0	0	0	0	0	0	0	0	0	0	0	0
5755b57821d8b0ccc0811a73952ca524	0	0	0	0	0	0	0	0	0	0	0	0	0	12	0	0	0	0	0	0	0	0	0	0	0	0	0	0	0	0	0	0
d6d0a66da4d22ec52e8ff8168f7b0cf6	0	0	0	0	0	0	0	0	0	0	0	0	0	0	0	12	0	0	0	0	0	0	0	0	0	0	0	0	0	0	0	0
664bc9d736d690de3f9814b709b6de86	0	0	0	0	0	0	0	0	0	0	0	0	0	0	0	0	0	0	0	0	0	12	0	0	0	0	0	0	0	0	0	0
e16be6de6436803e3b84a5b5a648bb17	0	0	0	0	0	0	0	0	0	0	0	0	0	0	0	0	0	0	0	0	0	0	0	0	12	0	0	0	0	0	0	0
1ecf778339d10c422406343478275d34	8	0	0	3	0	0	0	0	0	0	0	0	0	0	0	0	0	0	0	0	0	0	0	0	0	0	0	0	0	0	0	0
115a195a25fe81bd6488ea34e2f7df4c	0	11	0	0	0	0	0	0	0	0	0	0	0	0	0	0	0	0	0	0	0	0	0	0	0	0	0	0	0	0	0	0
b9c59f27e2022e47e0f86d33424608fb	0	0	0	0	0	0	0	0	11	0	0	0	0	0	0	0	0	0	0	0	0	0	0	0	0	0	0	0	0	0	0	0
620cb9f60d19ab3b1fd26d13783c3feb	0	0	0	0	0	0	0	0	0	0	0	0	0	11	0	0	0	0	0	0	0	0	0	0	0	0	0	0	0	0	0	0
00ac4a188a035a030fd42935afd5238d	0	0	0	0	0	0	0	0	0	0	0	0	0	0	0	0	0	11	0	0	0	0	0	0	0	0	0	0	0	0	0	0
a2b352df1d9067717903f345a3cc9db8	0	0	0	0	0	0	0	0	0	0	0	0	0	0	0	0	0	0	0	11	0	0	0	0	0	0	0	0	0	0	0	0
6cba59dc355fa4edc819f9a71c9d1358	0	0	0	0	0	0	0	0	0	0	0	0	0	0	0	0	0	0	0	0	0	0	0	0	0	0	0	0	0	0	0	0
69949bac9828667f2c0898beb783eeee	0	0	0	0	0	0	0	0	0	10	0	0	0	0	0	0	0	0	0	0	0	0	0	0	0	0	0	0	0	0	0	0
e6c8bad6f09d8ee85d932d37c6181b05	0	0	0	0	0	0	0	0	0	0	10	0	0	0	0	0	0	0	0	0	0	0	0	0	0	0	0	0	0	0	0	0
9531c10d35c64cd2cac9783185daf724	0	0	0	0	0	0	0	0	0	0	8	0	0	0	0	0	0	0	0	0	0	0	0	0	0	0	0	0	0	0	0	2
49f81d1af6f1bc81f7c3c8125472b9aa	0	0	0	0	0	0	0	0	0	0	0	0	0	0	0	0	0	0	0	0	0	0	0	0	0	0	0	0	0	0	0	0
1e31332fc0c31fd3ab00f69dd20cf09c	0	0	0	0	0	0	0	0	0	0	0	0	0	0	0	0	0	0	0	0	0	0	0	0	0	0	0	0	0	0	0	0
99b3d2963ed7d5c9b683222262d53178	0	0	0	0	0	0	0	0	0	0	0	0	0	0	0	0	0	0	0	0	0	0	0	0	0	0	0	0	0	0	0	0
3a0e7148d2a422b1dc6dd67b785ac29f	0	0	0	0	0	0	0	0	0	0	0	0	0	0	0	0	0	0	0	0	0	0	0	0	0	0	0	0	0	0	0	0
c83cc10c5c968989f613da9928f8a9f4	0	0	0	0	0	0	0	0	0	0	0	0	0	0	0	0	0	0	0	0	0	0	0	0	0	0	0	0	0	0	0	0
f571384684eedfa0df11e4f4fbc4c7ea	0	0	0	0	0	0	0	0	0	0	0	0	0	0	0	0	0	0	0	0	0	0	0	0	0	0	0	0	7	3	0	0
04cb9ad49b497be53c03ede172e1bdc8	9	0	0	0	0	0	0	0	0	0	0	0	0	0	0	0	0	0	0	0	0	0	0	0	0	0	0	0	0	0	0	0
0613a281050f9667955dba05547fa8f0	6	0	0	0	0	0	0	0	0	3	0	0	0	0	0	0	0	0	0	0	0	0	0	0	0	0	0	0	0	0	0	0
605d5ca5beea3db031eb01e96324cc11	3	0	0	0	0	0	0	0	0	0	0	0	0	0	0	0	0	0	0	0	0	0	0	0	0	0	0	0	0	0	0	0
26e5e0fa319e12161f3374cb4ad84de4	0	0	9	0	0	0	0	0	0	0	0	0	0	0	0	0	0	0	0	0	0	0	0	0	0	0	0	0	0	0	0	0
a8809310a898974835379d8d052e3f43	0	0	9	0	0	0	0	0	0	0	0	0	0	0	0	0	0	0	0	0	0	0	0	0	0	0	0	0	0	0	0	0
16f8da794fa8f67d7b702b384ea9bea5	0	0	0	4	0	0	0	0	0	0	0	0	0	0	0	0	0	0	0	0	0	0	0	0	0	0	0	0	0	0	5	0
719e4c55f5615a2810e0c0ec008ff635	0	0	0	0	0	0	0	0	0	0	9	0	0	0	0	0	0	0	0	0	0	0	0	0	0	0	0	0	0	0	0	0
9399f7fd2a19e05b69fffa5118707839	0	0	0	0	0	0	0	0	0	0	0	0	0	9	0	0	0	0	0	0	0	0	0	0	0	0	0	0	0	0	0	0
5f5d134e25e6882f543176a7ad5b36df	0	0	0	0	0	0	0	0	0	0	0	0	0	9	0	0	0	0	0	0	0	0	0	0	0	0	0	0	0	0	0	0
0cfc6dc25d50f8a1c1c45fd89a66d3f4	0	0	0	0	0	0	0	0	0	0	0	0	0	9	0	0	0	0	0	0	0	0	0	0	0	0	0	0	0	0	0	0
d05e9ec4485aa6a01ae241be3fdfda5d	0	0	0	0	0	0	0	0	0	0	0	0	0	0	0	0	0	0	0	0	0	0	0	0	0	0	0	0	0	0	0	0
deebed15f4f69009faf7228a7d9664cf	0	0	0	0	0	0	0	0	0	0	0	0	0	0	0	0	0	0	0	0	0	0	0	0	0	0	0	0	0	0	0	0
2f918fc7784475df2c7e33e106d9c44d	0	0	0	0	0	0	0	0	0	0	0	0	0	0	0	0	0	0	0	0	0	0	0	0	0	0	0	0	0	0	0	0
fb2df3039e06d02bb2d915abc15ba151	0	0	0	0	0	0	0	0	0	0	0	0	0	0	0	0	0	0	0	0	0	0	0	0	0	0	0	0	0	0	0	0
e21793f65f76d65488112840fd546d73	8	0	0	0	0	0	0	0	0	0	0	0	0	0	0	0	0	0	0	0	0	0	0	0	0	0	0	0	0	0	0	0
9f59e865f69a2ca93cbdda982e552569	0	0	0	8	0	0	0	0	0	0	0	0	0	0	0	0	0	0	0	0	0	0	0	0	0	0	0	0	0	0	0	0
24a078e7d2c7113c277203db8b2923e1	0	0	0	8	0	0	0	0	0	0	0	0	0	0	0	0	0	0	0	0	0	0	0	0	0	0	0	0	0	0	0	0
a081ff70a14869d025a79985f5cfe12f	0	0	0	0	8	0	0	0	0	0	0	0	0	0	0	0	0	0	0	0	0	0	0	0	0	0	0	0	0	0	0	0
380faca2ed9f4d76fee0272bdbb296e8	0	0	0	0	0	0	0	0	0	8	0	0	0	0	0	0	0	0	0	0	0	0	0	0	0	0	0	0	0	0	0	0
211aba62677dc2fc928db34196684877	0	0	0	0	0	0	0	0	0	0	0	0	0	8	0	0	0	0	0	0	0	0	0	0	0	0	0	0	0	0	0	0
4496348917bd5258c5c772372f263997	0	0	0	0	0	0	0	0	0	0	0	0	0	0	0	0	8	0	0	0	0	0	0	0	0	0	0	0	0	0	0	0
d304bc7f4545d539adcc4971194a64d9	0	0	0	0	0	0	0	0	0	0	0	0	0	0	0	0	8	0	0	0	0	0	0	0	0	0	0	0	0	0	0	0
db58f12d9f001fd6b0a6388adb1e6442	0	0	0	0	0	0	0	0	0	0	0	0	0	0	0	0	6	0	0	0	0	0	0	0	0	0	0	0	0	0	2	0
483d8676d5f09e92ecbd32785d3a008d	0	0	0	0	0	0	0	0	0	0	0	0	0	0	0	0	0	8	0	0	0	0	0	0	0	0	0	0	0	0	0	0
d9b9107ea6c9b53735665c7c64d24109	0	0	0	0	0	0	0	0	0	0	0	0	0	0	0	0	0	0	0	0	0	0	0	0	0	0	0	0	0	0	0	0
e5b18487777c63e11001c1f5f97683eb	0	0	0	0	0	0	0	0	0	0	0	0	0	0	0	0	0	0	0	0	0	0	0	0	0	0	0	0	0	0	0	0
4f42f4538978d152705042e1250c2f58	0	0	0	0	0	0	0	0	0	0	0	0	0	0	0	0	0	0	0	0	0	0	0	0	0	0	0	0	0	0	0	0
3e3678a909a58aac4d1b6cf1d75f9dcf	0	0	0	0	0	0	0	0	0	0	0	0	0	0	0	0	0	0	0	0	0	0	0	0	8	0	0	0	0	0	0	0
b0b40618af9ad57848c1f0e1d4b32957	0	0	0	0	0	0	0	0	0	0	0	0	0	0	0	0	0	0	0	0	0	0	0	0	0	8	0	0	0	0	0	0
16c378ce2de02099c1e3322bb0fd7f68	0	0	0	0	0	0	0	0	0	0	0	0	0	0	0	0	0	0	0	0	0	0	0	0	0	0	0	0	0	8	0	0
2fb928ae4fd0600ad8ae0877a534b883	0	0	0	0	0	0	0	0	0	0	0	0	0	0	0	0	0	0	0	0	0	0	0	0	0	0	0	0	0	0	8	0
2d955cc152c10ce8dca68569cef5c11a	0	0	0	0	0	0	0	0	0	0	0	0	0	0	0	0	0	0	0	0	0	0	0	0	0	0	0	0	0	0	0	8
f2755260cbbe25b4cfa24fabd8b5e9a8	0	0	0	0	0	0	0	0	7	0	0	0	0	0	0	0	0	0	0	0	0	0	0	0	0	0	0	0	0	0	0	0
dca67ad73b53530f3c03efef3ea439d4	0	0	0	0	0	0	0	0	7	0	0	0	0	0	0	0	0	0	0	0	0	0	0	0	0	0	0	0	0	0	0	0
85e62d0d6f363b80e5cbd07385bc9933	0	0	0	0	0	0	0	0	0	0	0	0	0	7	0	0	0	0	0	0	0	0	0	0	0	0	0	0	0	0	0	0
c108fc6805018c3c13f563a148dc2f0f	0	0	0	0	0	0	0	0	0	0	0	0	0	0	7	0	0	0	0	0	0	0	0	0	0	0	0	0	0	0	0	0
9420262ab76429f148a8e332d979a41b	0	0	0	0	0	0	0	0	0	0	0	0	0	0	7	0	0	0	0	0	0	0	0	0	0	0	0	0	0	0	0	0
167612b6e68fe743e1a5b62ef865f12f	0	0	0	0	0	0	0	0	0	0	0	0	0	0	0	0	0	0	0	7	0	0	0	0	0	0	0	0	0	0	0	0
03db570affd10edc30effd554ae2e0b2	0	0	0	0	0	0	0	0	0	0	0	0	0	0	0	0	0	0	0	7	0	0	0	0	0	0	0	0	0	0	0	0
1ab530e1f984b3ead9312c34e7412526	0	0	0	0	0	0	0	0	0	0	0	0	0	0	0	0	0	0	0	0	0	0	0	0	0	0	0	0	0	0	0	0
fe1463f480fed6c4b6dc80d42a8e351e	0	0	0	0	0	0	0	0	0	0	0	0	0	0	0	0	0	0	0	0	0	0	0	0	0	0	0	0	0	0	0	0
b8131570ad29231979f46df3359899a0	0	0	0	0	0	0	0	0	0	0	0	0	0	0	0	0	0	0	0	0	0	0	7	0	0	0	0	0	0	0	0	0
0953b98deafb4f4c45d044efc552f37c	0	0	0	0	0	0	0	0	0	0	0	0	0	0	0	0	0	0	0	0	0	0	0	0	0	0	7	0	0	0	0	0
1b76046e3f81d3a198ec580fc090c4b0	0	0	0	0	0	0	0	0	0	0	0	0	0	0	0	0	0	0	0	0	0	0	0	0	0	0	0	0	7	0	0	0
804f1647295785a88dc28b9b30dc5077	0	0	0	0	0	0	0	0	0	0	0	0	0	0	0	0	0	0	0	0	0	0	0	0	0	0	0	0	0	0	7	0
348abd6c46f68f536f434bf7bbfbb3ee	6	0	0	0	0	0	0	0	0	0	0	0	0	0	0	0	0	0	0	0	0	0	0	0	0	0	0	0	0	0	0	0
1511310e458910c9da8531cb7b561b56	2	0	0	2	2	0	0	0	0	0	0	0	0	0	0	0	0	0	0	0	0	0	0	0	0	0	0	0	0	0	0	0
ac21fb7ec96f79af9c552279a961734e	0	0	0	6	0	0	0	0	0	0	0	0	0	0	0	0	0	0	0	0	0	0	0	0	0	0	0	0	0	0	0	0
84b025324c556ea0cf4a12459af3e6a9	0	0	0	0	2	0	0	0	0	0	0	0	0	0	0	0	0	0	0	0	0	0	0	0	0	0	0	0	0	0	0	0
522af6a1b2fea6ac42042a9088a42834	0	0	0	0	0	0	0	6	0	0	0	0	0	0	0	0	0	0	0	0	0	0	0	0	0	0	0	0	0	0	0	0
d62cbb7b2632218bea8a7eee049ce9f6	0	0	0	0	0	0	0	0	0	0	0	0	0	6	0	0	0	0	0	0	0	0	0	0	0	0	0	0	0	0	0	0
2dd78e8512b3997ba04d894fdac63da8	0	0	0	0	0	0	0	0	0	0	0	0	0	0	0	0	0	6	0	0	0	0	0	0	0	0	0	0	0	0	0	0
39acc0bbdfc59d60a58426e367ddd4a2	0	0	0	0	0	0	0	0	0	0	0	0	0	0	0	0	0	0	0	0	0	0	0	0	0	0	0	0	0	0	0	0
73f177839532b93e2871baaed9e3dc20	0	0	0	0	0	0	0	0	0	0	0	0	0	0	0	0	0	0	0	0	0	0	0	0	0	0	0	0	0	0	0	0
804b3939e1c14eaa58f4b69153f8f58c	0	0	0	0	0	0	0	0	0	0	0	0	0	0	0	0	0	0	0	0	0	0	6	0	0	0	0	0	0	0	0	0
020fa0db00ae13bedc5ae3ed7a8b2419	0	0	0	0	0	0	0	0	0	0	0	0	0	0	0	0	0	0	0	0	0	0	6	0	0	0	0	0	0	0	0	0
1d07e20b7d0be742f8c208f351c09bed	0	0	0	0	0	0	0	0	0	0	0	0	0	0	0	0	0	0	0	0	0	0	0	0	0	0	0	6	0	0	0	0
0db7c044ce79a4286c065a49e538a96d	0	0	0	0	0	0	0	0	0	0	0	0	0	0	0	0	0	0	0	0	0	0	0	0	0	0	0	0	6	0	0	0
570d3fbb16764e1eb60cba28c0baf4ff	5	0	0	0	0	0	0	0	0	0	0	0	0	0	0	0	0	0	0	0	0	0	0	0	0	0	0	0	0	0	0	0
7f159cd4b218db561dcce9a206b80639	0	5	0	0	0	0	0	0	0	0	0	0	0	0	0	0	0	0	0	0	0	0	0	0	0	0	0	0	0	0	0	0
77c8bbae9e78d6c134f951ce81960b1d	0	0	0	5	0	0	0	0	0	0	0	0	0	0	0	0	0	0	0	0	0	0	0	0	0	0	0	0	0	0	0	0
319adc2215b802a180f102d1b46c714f	0	0	0	0	0	0	0	0	0	5	0	0	0	0	0	0	0	0	0	0	0	0	0	0	0	0	0	0	0	0	0	0
bf2480de28c9a72281fd276b4fd65bdf	0	0	0	0	0	0	0	0	0	0	5	0	0	0	0	0	0	0	0	0	0	0	0	0	0	0	0	0	0	0	0	0
cf0ff530a1909ab20d4cb06b82172cf2	0	0	0	0	0	0	0	0	0	0	0	0	0	5	0	0	0	0	0	0	0	0	0	0	0	0	0	0	0	0	0	0
df211db391ed3cec2e0368f72aef85c8	0	0	0	0	0	0	0	0	0	0	0	0	0	0	5	0	0	0	0	0	0	0	0	0	0	0	0	0	0	0	0	0
23a7ab6b857303de787df95876cdba94	0	0	0	0	0	0	0	0	0	0	0	0	0	0	5	0	0	0	0	0	0	0	0	0	0	0	0	0	0	0	0	0
7abb3c3c476e9ccd15679433e25fc2a2	0	0	0	0	0	0	0	0	0	0	0	0	0	0	0	0	0	5	0	0	0	0	0	0	0	0	0	0	0	0	0	0
229983ed317b6c4b4dff3ca3ff2d18ae	0	0	0	0	0	0	0	0	0	0	0	0	0	0	0	0	0	0	5	0	0	0	0	0	0	0	0	0	0	0	0	0
224b3aa616978bad13ef4761d70bcf5a	0	0	0	0	0	0	0	0	0	0	0	0	0	0	0	0	0	0	5	0	0	0	0	0	0	0	0	0	0	0	0	0
cf0cf59de95c851185f77fd740856e75	0	0	0	0	0	0	0	0	0	0	0	0	0	0	0	0	0	0	0	0	5	0	0	0	0	0	0	0	0	0	0	0
2d5db26fb916f96531623e8c1ab646aa	0	0	0	0	0	0	0	0	0	0	0	0	0	0	0	0	0	0	0	0	0	0	0	0	0	0	0	0	0	0	0	0
419bddf7314901963c9c2d38f8313697	0	0	0	0	0	0	0	0	0	0	0	0	0	0	0	0	0	0	0	0	0	0	0	0	0	0	0	0	0	0	0	0
f5a3373c8fd711cfb329d5e6596f47d7	0	0	0	0	0	0	0	0	0	0	0	0	0	0	0	0	0	0	0	0	0	0	0	0	0	0	0	0	0	0	0	0
e961da74718013c0500f170fa215bc28	0	0	0	0	0	0	0	0	0	0	0	0	0	0	0	0	0	0	0	0	0	0	0	0	0	0	0	0	5	0	0	0
3bc2216a7ddb18331d7d8acb08afc54d	0	0	0	0	0	0	0	0	0	0	0	0	0	0	0	0	0	0	0	0	0	0	0	0	0	0	0	0	0	0	5	0
393dbda511009d9e60372a600835fb1f	4	0	0	0	0	0	0	0	0	0	0	0	0	0	0	0	0	0	0	0	0	0	0	0	0	0	0	0	0	0	0	0
ebe65a8415fcb9c5380e513026fb125f	4	0	0	0	0	0	0	0	0	0	0	0	0	0	0	0	0	0	0	0	0	0	0	0	0	0	0	0	0	0	0	0
2c1f8c6605b4eea3c8eb82c8bfe4a6f4	4	0	0	0	0	0	0	0	0	0	0	0	0	0	0	0	0	0	0	0	0	0	0	0	0	0	0	0	0	0	0	0
d98349f7c26909ab9636f90ac6ab33e5	0	0	4	0	0	0	0	0	0	0	0	0	0	0	0	0	0	0	0	0	0	0	0	0	0	0	0	0	0	0	0	0
5379baa1c54b34e6a463ee07ca7f4dfa	0	0	4	0	0	0	0	0	0	0	0	0	0	0	0	0	0	0	0	0	0	0	0	0	0	0	0	0	0	0	0	0
87434295f8f42e519aa9d73e2f96c237	0	0	0	0	4	0	0	0	0	0	0	0	0	0	0	0	0	0	0	0	0	0	0	0	0	0	0	0	0	0	0	0
12ea16313245214f20a0afc823b55cd1	0	0	0	0	0	0	0	0	0	4	0	0	0	0	0	0	0	0	0	0	0	0	0	0	0	0	0	0	0	0	0	0
d7e68c62d4ee92f40a0302a3d11b2eea	0	0	0	0	0	0	0	0	0	4	0	0	0	0	0	0	0	0	0	0	0	0	0	0	0	0	0	0	0	0	0	0
0f8c6007254bff01cffda29ae7be9268	0	0	0	0	0	0	0	0	0	0	4	0	0	0	0	0	0	0	0	0	0	0	0	0	0	0	0	0	0	0	0	0
540903f6cbc988eea32e369f2b99a900	0	0	0	0	0	0	0	0	0	0	0	0	0	0	4	0	0	0	0	0	0	0	0	0	0	0	0	0	0	0	0	0
8022c85d14741464ad339f0713fa6dc6	0	0	0	0	0	0	0	0	0	0	0	0	0	0	4	0	0	0	0	0	0	0	0	0	0	0	0	0	0	0	0	0
fe5c269ebe63bafb4bbabe31722377ad	0	0	0	0	0	0	0	0	0	0	0	0	0	0	0	0	0	0	0	4	0	0	0	0	0	0	0	0	0	0	0	0
c6312d21e00e9aa6eea776a8fb2618da	0	0	0	0	0	0	0	0	0	0	0	0	0	0	0	0	0	0	0	4	0	0	0	0	0	0	0	0	0	0	0	0
f648748515663060a64e8ab63b647c37	0	0	0	0	0	0	0	0	0	0	0	0	0	0	0	0	0	0	0	0	0	0	0	0	0	4	0	0	0	0	0	0
e09f00656413eff480d8babe989a4f18	0	0	0	0	0	0	0	0	0	0	0	0	0	0	0	0	0	0	0	0	0	0	0	0	0	0	0	0	0	0	0	4
928981167e1623a9834941fb1e48b684	0	0	0	3	0	0	0	0	0	0	0	0	0	0	0	0	0	0	0	0	0	0	0	0	0	0	0	0	0	0	0	0
98201855c8f0ec51bb349d9b2c6a32b8	0	0	0	0	0	0	3	0	0	0	0	0	0	0	0	0	0	0	0	0	0	0	0	0	0	0	0	0	0	0	0	0
abf0973a9c329a494febaf3771476c0b	0	0	0	0	0	0	0	0	0	0	0	0	0	3	0	0	0	0	0	0	0	0	0	0	0	0	0	0	0	0	0	0
f2627a2c3aea754d73aabac0d2beb4d1	0	0	0	0	0	0	0	0	0	0	0	0	0	0	0	0	0	3	0	0	0	0	0	0	0	0	0	0	0	0	0	0
f68c45e9480dabe25512880485cbc02c	0	0	0	0	0	0	0	0	0	0	0	0	0	0	0	0	0	3	0	0	0	0	0	0	0	0	0	0	0	0	0	0
ccc61411494d6b62ae3a48c0029df694	0	0	0	0	0	0	0	0	0	0	0	0	0	0	0	0	0	3	0	0	0	0	0	0	0	0	0	0	0	0	0	0
58c62474003b28261ec78db6f4667bcf	0	0	0	0	0	0	0	0	0	0	0	0	0	0	0	0	0	0	0	3	0	0	0	0	0	0	0	0	0	0	0	0
24d80c643628652b741ea3d016e41d94	0	0	0	0	0	0	0	0	0	0	0	0	0	0	0	0	0	0	0	3	0	0	0	0	0	0	0	0	0	0	0	0
af8723e8077acfe6a7abfbbe9f9ebbdd	0	0	0	0	0	0	0	0	0	0	0	0	0	0	0	0	0	0	0	3	0	0	0	0	0	0	0	0	0	0	0	0
806aeaf6f93e8f7fd99c40dd2553b12a	0	0	0	0	0	0	0	0	0	0	0	0	0	0	0	0	0	0	0	0	0	0	0	0	0	0	0	0	0	0	0	0
42ba1a174207fba24df8213405dd3406	0	0	0	0	0	0	0	0	0	0	0	0	0	0	0	0	0	0	0	0	0	0	0	3	0	0	0	0	0	0	0	0
cc7505281d68c5343ce8687399c204d4	0	0	0	0	0	0	0	0	0	0	0	0	0	0	0	0	0	0	0	0	0	0	0	0	0	0	3	0	0	0	0	0
07d0062e63a21a31a692129f8fe16ac6	0	0	0	0	0	0	0	0	0	0	0	0	0	0	0	0	0	0	0	0	0	0	0	0	0	0	0	0	0	3	0	0
7f87c4c1f06f00034873a8a1b97a8896	0	0	0	0	0	0	0	0	0	0	0	0	0	0	0	0	0	0	0	0	0	0	0	0	0	0	0	0	0	0	3	0
97d4a8df873312f8b6964af0f89b6040	2	0	0	0	0	0	0	0	0	0	0	0	0	0	0	0	0	0	0	0	0	0	0	0	0	0	0	0	0	0	0	0
634aaa239089156ae20d938019fbb335	0	0	0	0	0	0	0	0	0	0	0	0	0	0	0	0	0	0	0	0	0	0	0	0	0	0	0	0	0	0	0	0
